0
379
0
0
0
379
2261
2251
525
2252
2268
2268
3166
3167
2268
18
3168
2251
3169
3170
525
3171
3172
1096
3173
3174
1096
1096
525
525
525
525
525
525
3175
1096
525
3176
3177
1038
525
3178
3179
3180
1096
3181
3182
525
525
525
3183
3184
3185
525
525
1096
3186
525
3187
525
238
525
1096
3188
1096
3189
525
525
525
1096
1096
525
1096
3190
1038
3191
1096
525
525
1096
3192
3193
3194
3195
525
3196
525
3197
3198
525
1096
3199
3200
1096
3201
3202
3203
3204
525
525
3205
3206
3207
3208
525
1096
3209
525
525
3210
1096
525
525
3211
525
525
1096
525
525
525
525
3212
3213
1096
1096
525
1644
3214
3215
3216
525
525
3217
1096
525
3218
3219
525
525
525
3220
525
525
525
525
525
1038
1096
3221
3222
1642
1096
1096
525
525
3223
3224
3225
525
1096
525
3226
525
3227
525
525
525
525
525
3228
525
525
525
525
525
525
525
525
525
525
1096
525
525
3229
3230
525
1096
1096
525
3231
1096
238
3232
3233
525
3234
525
238
525
3235
1096
3236
3237
3238
525
3239
3240
238
238
238
3241
3242
3243
3244
432
3245
3246
3247
238
432
238
432
238
3248
3249
3250
3251
238
238
3252
238
432
238
432
432
432
432
238
3253
3254
432
432
432
18
18
18
18
3255
18
18
18
3256
3257
3258
3259
3260
3261
432
3262
432
432
432
3263
432
432
18
18
432
3264
3265
18
3266
432
432
432
3267
3268
432
3269
3270
3271
3272
3273
525
525
3274
3275
525
525
3276
525
3277
525
525
3278
432
238
3279
3280
18
3281
525
3282
3283
3284
3285
238
238
3286
3287
3288
3289
3290
3291
3292
3293
3294
3295
3296
3297
3298
3299
3300
3301
3302
3303
3304
3305
3306
3307
3308
3309
3310
525
238
432
238
525
18
3311
18
18
18
525
432
525
18
18
18
525
3312
525
18
3313
3314
3315
3316
3317
432
3318
525
3319
3320
3321
3322
3323
3324
525
3325
238
238
3326
3327
3328
3329
3330
3331
3332
18
3333
3334
3335
3336
3337
3338
3339
3340
3341
3342
525
3343
3344
3345
3346
3347
3348
432
3349
3350
3351
3352
3353
3354
3355
3356
3357
238
3358
3359
525
3360
525
18
3361
3362
3363
3364
18
3365
3366
3367
3368
3369
3370
18
18
18
3371
18
18
3372
18
3373
18
18
18
3374
525
525
3375
3376
3377
238
3378
18
3379
3380
3381
3382
18
3383
18
3384
3385
525
3386
525
3387
18
3388
3389
525
3390
432
525
432
3391
3392
525
3393
3394
3395
3396
18
3397
3398
432
3399
3400
3401
3402
3403
3404
525
3405
432
525
525
3406
525
432
3407
525
525
525
3408
3409
432
238
3410
3411
3412
18
525
3413
3414
3415
3416
3417
525
525
3418
525
3419
432
525
525
432
525
3420
3421
3422
3423
525
525
525
432
525
525
525
525
525
525
3424
238
525
525
3425
3426
3427
3428
525
238
3429
3430
3431
432
3432
3433
3434
3435
3436
3437
3438
3439
3440
3441
3442
3443
3444
3445
3446
3447
3448
3449
3450
3451
3452
3453
3454
3455
3456
3457
525
18
3458
525
3459
3460
525
525
3461
3462
3463
3464
525
3465
3466
3467
3468
525
3469
525
525
525
3470
525
3471
432
238
238
525
432
3472
525
3473
3474
3475
3476
3477
525
546
3478
3479
3480
3481
525
3482
3483
238
525
525
525
525
3484
525
525
238
525
525
3485
238
525
238
525
238
525
525
525
3486
525
3487
525
525
525
3488
238
238
525
525
238
525
525
525
525
525
525
3489
525
525
3490
525
3491
525
525
525
3492
3493
525
525
3494
3495
3496
3497
18
3498
18
18
3499
3500
525
3501
18
3502
3503
3504
3505
18
525
3506
3507
3508
18
3509
3510
3511
18
525
18
3512
238
3513
3514
18
18
3515
3516
18
18
3517
18
18
3518
18
3519
525
3520
238
18
3010
525
238
18
3521
3522
18
18
525
3523
3524
525
18
3525
525
3526
3527
3528
3529
3530
3531
3532
3533
3534
3535
3536
3537
3538
3539
3540
3541
3542
3543
3544
3545
3546
3547
432
3548
3549
3550
3551
3552
3553
3554
3555
3556
3557
3558
3559
3560
3561
3562
3563
3564
3565
3566
3567
525
3568
3569
525
3570
525
525
3571
3572
3573
525
3574
3575
3576
3577
3578
525
3579
525
3580
525
3581
3582
3583
3584
525
3585
3586
3587
3588
3589
828
3590
3591
3592
3593
3594
3595
3596
3597
3598
525
3599
525
3600
3601
525
3602
525
3603
3604
3605
525
3606
3607
3608
3609
3610
3611
3612
3613
3614
3615
3616
3617
3618
3619
3620
525
525
3621
3622
3623
3624
3625
3626
3627
3628
3629
3630
525
3631
525
525
525
3632
432
3633
3634
432
525
18
3635
432
432
3636
525
525
3637
3638
18
18
3639
432
432
3640
3641
3642
3643
525
525
525
3644
864
3645
525
3646
3647
525
525
525
525
3648
525
525
525
525
525
3649
3650
525
3651
525
525
3652
525
525
3653
3654
3655
525
3656
3657
3658
3659
3660
525
432
3661
432
525
525
3662
432
432
525
3663
3664
432
432
525
432
3665
3666
3667
3668
3669
3670
432
3671
3672
432
3673
3674
432
525
525
525
3675
525
3676
3677
3678
3679
525
525
525
3680
525
3681
525
3682
3683
3684
525
525
3685
3686
3687
432
3688
525
3689
3690
525
525
3691
3692
3693
3694
3695
3696
3697
525
3698
3699
525
3700
525
3701
432
3702
3703
3704
3705
3706
432
3707
432
3708
3709
432
432
432
3710
432
432
432
864
3711
2372
3712
864
864
18
3713
3714
3715
3716
3717
18
432
525
525
238
432
238
525
525
432
3718
432
432
525
3719
238
3720
3721
3722
525
3723
525
18
432
3724
238
18
18
18
18
18
3725
18
3726
3727
3728
3729
3730
3731
3732
3733
3734
525
3735
3736
525
3737
3738
3739
3740
525
525
432
525
525
432
3741
432
432
432
432
432
432
432
432
432
432
525
432
432
3742
3743
432
18
3744
18
3745
432
3746
3747
3748
432
3749
432
3750
432
889
2361
525
525
3751
525
3752
432
3753
3754
18
18
18
3755
18
3756
3757
3758
3759
18
3760
3761
525
525
3762
3763
525
3764
3765
3766
525
3767
525
525
525
3768
3769
525
3770
525
525
3771
3772
525
525
3773
18
525
3774
525
525
3775
525
525
525
3776
432
3777
525
525
3778
525
525
3779
525
525
3780
3781
238
525
525
3782
525
18
238
525
3783
525
525
3784
525
525
525
238
18
525
3785
3786
238
3787
525
3788
18
3789
3790
238
525
3791
3792
525
18
3793
525
525
525
525
3794
3795
3796
3797
3798
3799
3800
3801
238
3802
238
432
3803
3804
525
3805
432
3806
3807
432
238
3808
238
525
238
432
525
3809
3810
3811
3812
238
3813
3814
3815
525
3816
3817
3818
3819
3820
3821
3822
3823
3824
3825
3826
3827
3828
3829
3830
3831
3832
3833
525
3834
3835
3836
238
3837
3838
3839
3840
3841
3842
432
238
238
525
238
3843
3844
3845
3846
3847
525
3848
3849
3850
3851
18
3852
3853
3854
3855
3856
3857
3858
3859
238
3860
3861
3862
3863
3864
238
3865
525
238
18
3866
525
3867
3868
238
525
432
3869
3870
3871
3872
3873
525
3874
3875
3876
18
3877
3878
525
3879
525
3880
3881
3882
3883
3884
18
3885
3886
3887
238
3888
3889
3890
3891
3892
3893
3894
3895
3896
3897
3898
3899
238
3900
3901
3902
18
3903
525
3904
3905
238
238
3906
3907
238
3908
3909
432
238
238
238
3910
3911
3912
3913
18
3914
432
3915
3916
3917
3918
3919
3920
3921
3922
3923
525
3924
3925
525
525
3926
1096
3927
3928
3929
3930
238
3931
525
3932
238
18
238
18
525
238
525
3933
525
238
238
238
18
18
525
238
3934
3935
432
238
238
3936
238
525
525
18
525
3937
525
238
3938
238
3939
3940
3941
238
3942
525
525
525
3943
3944
3945
3946
3947
3948
3949
525
3950
3951
3952
525
18
3953
525
18
525
525
525
3954
525
525
3955
18
3956
525
525
3957
3958
3959
432
18
525
3960
525
18
3961
525
3962
525
3963
18
3964
18
525
3965
3966
3967
3968
3969
525
525
3970
3971
3972
525
525
3973
525
3974
18
3975
18
3976
3977
238
525
525
3978
3979
3980
525
3981
525
3982
3983
3984
3985
3986
3987
3988
3989
3990
525
3991
3992
525
3993
525
3994
3995
525
238
3996
18
3997
3998
3999
18
4000
2999
4001
4002
4003
4004
4005
4006
4007
4008
2999
525
4009
4010
432
525
432
432
18
4011
4012
525
4013
4014
4015
4016
4017
4018
4019
525
525
525
525
525
4020
4021
4022
525
525
4023
525
525
525
525
4024
4025
4026
4027
18
525
18
4028
525
4029
18
525
4030
525
525
525
525
18
525
4031
4032
525
525
4033
238
4034
4035
4036
4037
4038
4039
4040
4041
238
525
4042
18
18
4043
4044
525
4045
4046
525
4047
4048
432
525
4049
525
525
525
525
4050
525
4051
4052
525
18
4053
4054
4055
525
4056
4057
4058
4059
4060
4061
525
4062
4063
4064
525
525
525
525
525
525
525
4065
4066
4067
4068
18
4069
525
525
525
4070
525
525
525
4071
525
525
4072
4073
4074
4075
4076
4077
1096
1394
4078
4079
4080
1096
18
1096
1096
4081
1096
4082
4083
1096
4084
4085
1096
1096
1096
1096
4086
1096
4087
4088
1096
1096
4089
4090
18
4091
1096
1096
4092
4093
1096
4094
4095
1096
18
1096
18
1096
1096
18
1096
1096
1096
4096
525
4097
4098
1096
1096
4099
1096
4100
18
1096
1096
1096
18
18
1096
1096
1096
18
4101
18
18
1096
4102
18
1096
1096
1096
4103
4104
18
1096
18
18
1096
1096
525
4105
1096
4106
4107
1096
1096
1096
1096
4108
18
1096
18
1096
1096
1096
1096
4109
1096
4110
4111
4112
4113
1096
4114
1096
1096
1096
4115
1096
4116
525
4117
4118
4119
4120
4121
1096
4122
1096
4123
4124
1096
1096
4125
1096
1096
4126
4127
1096
4128
4129
1096
4130
1096
4131
4132
4133
1096
4134
1096
1096
1096
4135
4136
1096
1096
1096
4137
4138
4139
4140
4141
4142
4143
1096
4144
4145
4146
1096
4147
1096
1096
4148
4149
331
4150
1096
4151
327
4152
4153
328
1096
4154
328
1096
4155
1096
4156
1096
1096
1096
1096
1096
1096
4157
4158
1096
1096
1013
525
525
525
525
4159
525
4160
525
525
525
525
525
4161
4162
525
4163
525
525
525
525
525
4164
525
525
525
525
525
525
525
525
525
525
525
525
525
4165
4165
4165
4165
4165
4165
4170
525
525
525
4175
525
4176
525
525
4177
525
525
4178
525
525
4179
4180
4181
4182
525
525
525
4183
4184
525
525
525
525
4185
4186
525
525
4187
525
4188
4189
4190
525
525
4191
4192
525
525
525
18
4193
18
525
4194
525
4195
4196
4197
238
4198
432
432
432
432
4199
18
4200
525
525
432
432
4201
4202
432
4203
525
432
432
4204
4205
4206
4207
432
432
4208
432
4209
432
4210
525
432
4211
4212
432
432
432
525
4213
4214
4215
4216
4217
525
525
4218
525
4219
4220
525
525
4221
4222
4223
525
525
4224
4225
4226
525
4227
525
4228
4229
4230
4231
4232
525
4233
4234
525
4235
525
4236
4237
4238
525
4239
4240
4241
4242
525
4243
4244
4245
525
4246
525
4247
525
525
525
525
4248
4249
18
4250
18
4251
4252
4253
432
238
4254
18
18
4255
4256
4257
4258
4259
4260
18
18
4261
432
18
4262
18
432
4263
4264
525
525
18
4265
525
525
4266
4267
4268
4269
525
4270
525
4271
4272
525
4273
525
4274
525
525
18
4275
4276
525
4277
4278
4279
4280
525
432
4281
4282
4283
4284
4285
4286
4287
379
4
4288
379
4289
525
4290
525
525
4291
525
525
379
525
379
238
4292
4293
238
4294
18
4295
4296
18
18
4297
238
4298
4299
238
18
4300
18
18
379
379
4301
4302
379
4303
379
379
379
4304
379
379
4305
379
379
379
379
379
379
4306
4307
4308
4309
379
379
4310
379
379
4311
379
379
379
379
4312
4313
379
4314
4315
4316
4317
4318
379
4319
379
4320
379
379
379
4321
379
379
379
379
379
379
379
4322
4323
379
379
4324
4325
379
379
379
379
4326
4327
4328
379
4329
4330
4331
379
4332
379
4333
238
4334
238
4335
4336
18
4337
18
238
4338
4339
4340
238
4341
238
18
4342
379
4343
4344
379
379
4345
379
4346
4347
4348
4349
4350
4351
17
18
18
18
18
18
4352
4353
4354
4355
17
4356
4357
4358
4359
4360
18
18
18
18
4361
18
18
379
4362
4363
4364
4365
525
525
525
525
525
4366
4367
4368
4369
4370
4371
4372
4373
525
4374
525
525
525
4375
525
4376
525
525
4377
4378
4379
4380
4381
525
4382
525
525
525
4383
4384
525
4385
525
525
4386
4387
4388
4389
4390
4391
4392
4393
525
525
525
525
525
4394
4395
525
525
525
4396
4397
4398
525
4399
4400
4401
4402
4403
525
525
4404
525
525
4405
4406
4407
525
1285
4408
4409
1096
1096
1096
1096
1096
4410
1096
4411
4412
1096
4413
1096
4414
525
4415
1096
1096
1096
4416
1096
4417
1096
1096
525
4418
1096
1096
1096
1096
1096
4419
4420
1096
1096
1096
4421
1096
1096
4422
1096
4423
525
4424
1096
4425
1096
1096
1096
4426
1096
4427
4428
1096
1096
1096
1096
4429
4430
1096
1096
4431
1096
4432
1096
1096
4433
1096
1096
4434
4435
4436
1096
1096
1096
4437
1096
4438
4439
1096
1096
1096
4440
4441
1096
1096
1096
1096
1096
4442
1096
1096
1096
1096
4443
1096
1096
1096
1096
4444
4445
4446
1096
1096
1096
1096
1096
1096
1096
4447
1096
1096
4448
4449
525
525
4450
4451
525
4452
525
4453
525
525
525
4454
4455
4456
4457
525
525
525
4458
4459
4460
525
4461
525
525
4462
525
4463
4464
1096
1096
1096
1096
4465
4466
4467
4468
1096
4469
1096
4470
4471
1096
4472
4473
4474
4475
1096
4476
1096
4477
4478
4479
4480
4481
1096
525
4482
4483
4484
4485
4486
1096
1096
4487
1096
1096
1096
1096
1096
1096
1096
1096
1096
1096
1096
1096
4488
1096
4489
1096
1096
1096
4490
1096
1096
4491
1096
1096
1096
1096
4492
4493
4494
1096
1096
4495
1096
1096
1167
4496
1096
1096
1096
1096
1096
1096
1096
1096
1096
4497
1096
1096
4498
525
4499
525
525
4500
950
4501
4502
525
525
525
4503
525
525
1096
1096
4504
4505
4506
4507
4508
525
4509
4510
4511
525
963
525
525
525
4512
4513
965
4514
4515
525
4516
4517
4518
525
967
4519
525
4520
525
967
965
525
4521
963
4522
4523
525
4524
4525
4526
4527
18
18
4528
1096
4529
4530
4531
4532
1096
4533
4534
18
4535
18
4536
4537
4538
4539
4540
4541
4542
4543
18
4544
18
4545
1096
18
1096
18
1096
18
1096
4546
1096
4547
18
4548
1096
1096
4549
4550
18
4551
4552
4553
1096
18
4554
4555
4556
1096
1096
4557
1096
1096
1096
1096
1096
1096
1096
335
4558
4559
1096
238
1096
1096
1096
1096
18
1096
18
1096
1096
1096
1096
1096
1096
4560
4561
1096
18
4562
525
525
525
525
525
525
525
525
525
18
525
525
525
525
4563
525
525
525
525
525
525
525
525
525
525
525
525
525
525
525
525
525
525
4564
4565
525
4566
525
525
432
432
525
525
525
18
525
525
18
18
525
525
525
525
525
525
525
525
4567
4568
18
525
525
525
4569
432
4570
525
525
525
18
525
525
525
18
4571
18
18
4572
18
18
18
432
18
4573
4574
4575
432
432
18
18
4576
525
4577
4578
432
4579
432
18
18
432
4580
18
18
18
4581
4582
4583
4584
4585
18
4586
525
18
4587
4588
525
525
525
4589
18
18
4590
4591
4592
4593
525
4594
4595
4596
4597
525
4598
525
4599
4600
4601
432
4602
432
4603
4604
432
4605
18
18
4606
18
18
18
18
4607
18
18
4608
525
18
525
4609
4610
525
18
4611
4612
4613
525
4614
4615
432
18
18
4616
4617
18
432
4618
525
18
4619
18
525
432
4620
4621
4622
4623
4624
525
4625
525
525
4626
525
4627
525
238
525
4628
525
525
4629
525
18
18
4630
4631
18
18
18
18
4632
4633
4634
4635
18
432
18
4636
18
4637
4638
4639
4640
4641
18
18
4642
525
18
18
4643
4644
525
4645
18
18
4646
4647
4648
4649
525
4650
4651
18
525
4652
4653
525
4654
525
18
525
18
525
18
4655
18
4656
4657
525
4658
4659
18
4660
18
18
18
4661
4662
18
4663
18
4664
18
18
4665
4666
18
2877
18
4667
4668
4669
4670
4671
18
4672
4673
18
18
18
4674
18
432
432
2413
432
432
432
432
432
432
432
432
4675
432
432
432
432
2413
432
432
432
432
431
432
2466
432
432
379
379
432
432
432
432
4676
379
4677
4678
4679
4680
4681
4682
2421
2422
432
432
432
4683
4684
432
4685
432
4686
430
432
432
4687
18
379
18
432
4688
432
432
4689
432
4690
4691
4692
4693
4694
18
4695
379
379
4
525
379
525
525
379
525
4
525
525
379
4
379
4696
4697
379
379
4698
379
4699
4
4700
4701
432
379
432
379
432
4702
379
4703
379
4704
379
379
4705
379
4
4706
4
4
379
18
525
18
18
4
18
18
18
18
4
18
525
18
18
525
18
18
18
18
18
18
18
4
238
18
18
238
4
18
4
18
18
18
18
18
18
18
4
4707
432
379
432
2578
4708
4709
2581
525
4710
2570
4711
4712
2577
4713
4714
4715
4716
4717
335
4718
2648
335
4719
4720
4721
4722
4723
4724
4725
238
4726
4727
4728
4729
1096
4730
4731
525
18
1096
238
4732
4733
4734
4735
525
1096
4736
525
1096
1096
525
2638
1096
335
1096
4737
18
4738
525
4739
379
4740
4741
333
525
4742
4743
4744
4745
4746
4747
4748
4749
4750
4751
18
4752
1096
4753
525
4754
4755
525
378
1096
335
525
4756
18
1096
4757
4758
4759
1096
4760
1096
4761
4762
4763
4764
4765
4766
4767
4768
1096
525
1096
4769
238
4770
4771
238
4772
4773
4774
1096
4775
4776
525
238
4777
339
4778
327
4779
525
525
4780
4781
4782
4783
4784
1096
525
525
525
1096
4785
4786
4787
1096
4788
4789
4790
4791
4792
4793
4794
1096
1096
1096
1096
4795
4796
1096
4797
1096
4798
4799
4800
525
2581
4801
4802
4803
4804
18
379
1096
4805
1096
4806
379
4807
18
1096
4808
4809
4810
238
4811
18
4812
4813
4814
4815
335
18
1096
348
4816
4817
525
4818
1199
4819
4820
4821
1096
1096
339
1096
18
1096
4822
2611
4823
1096
4824
4825
2579
525
1096
4826
238
4827
525
1096
339
4828
1096
4829
4830
525
4831
4832
1096
4833
4834
4835
4836
1096
18
4837
379
238
333
4838
4839
4840
525
4841
1096
525
4842
4843
4844
4845
238
525
1096
1096
4846
4847
339
18
4848
4849
4850
4851
18
238
4852
379
1096
238
1096
4853
18
4854
18
1096
238
4855
4856
1096
4857
525
4858
525
238
1096
4859
2611
238
4860
1096
238
333
4861
18
238
4862
4863
525
525
4864
4865
18
4866
379
335
332
525
238
1096
4867
1096
18
18
379
4868
330
4869
1096
4870
4871
4875
525
1096
238
525
1096
4876
1096
4877
18
4878
1096
238
4879
4880
4881
525
1096
1096
4882
1096
525
1096
4883
525
18
18
238
4884
4885
4886
4887
1096
4888
4889
4890
4891
2570
4892
4893
4894
4895
4896
18
1096
4897
4898
335
1096
4899
1096
4900
4901
4902
4903
1096
4904
525
4905
4906
4907
4908
4909
18
4910
4911
335
335
4912
525
18
4913
4914
4915
4916
4917
4918
525
18
1096
1096
379
4919
4920
1096
4921
4922
4923
4924
379
525
4925
1096
1096
4926
4927
4928
525
525
1096
4929
4930
1096
18
4931
379
4932
4933
4934
4935
4936
18
1096
1096
4937
4938
18
4939
238
1096
4940
1096
525
4941
525
1096
4942
335
1096
379
1096
525
1096
4943
238
525
1096
1096
339
4947
1096
4948
4949
4950
4951
525
1096
4952
334
18
18
238
18
1096
1096
4953
4954
4955
18
432
4956
4957
4958
432
4959
4960
4961
432
4962
432
4963
432
4964
4965
432
432
432
432
379
4966
432
4967
432
432
432
445
4968
432
446
432
432
4969
4970
4971
432
432
432
432
18
525
18
18
4972
18
18
18
18
432
18
4
379
525
525
1096
335
525
525
238
4973
238
4974
4975
525
4976
525
525
4977
4978
4979
525
18
4980
525
4981
4982
525
525
525
432
432
432
432
432
432
432
4983
432
4984
238
525
18
525
4
4985
238
4986
17
2252
4987
2252
238
379
18
4988
4989
18
1096
1096
1096
379
1096
18
432
1096
238
1096
1096
238
18
1096
1096
525
525
1096
238
238
525
1096
18
18
4990
18
1096
525
1096
525
1096
1096
18
1096
525
525
1096
1096
1096
18
18
4
4
18
432
525
1096
432
4991
525
4
1096
525
4992
4993
238
432
4994
1096
4995
525
525
525
525
525
4996
525
1096
4997
18
525
1096
18
1096
18
525
1096
18
4998
525
4999
18
379
1096
1096
525
5000
525
5001
525
5002
5004
238
18
18
525
525
1096
1096
238
1096
18
432
18
5005
525
1096
525
525
238
525
525
18
18
18
5006
5007
5008
5009
238
432
525
525
18
18
5010
379
18
18
5011
5012
525
18
18
18
18
18
525
525
432
432
5013
525
18
238
5014
5015
5016
5017
5018
5019
5020
5021
5022
5023
5024
525
5025
5026
5027
5028
525
238
525
238
525
18
18
18
238
18
525
18
18
18
17
18
18
18
5029
5030
1096
5031
1096
1096
1096
4
4
525
5032
5033
5034
5035
5036
5037
5038
5039
5040
5041
5042
5043
18
5044
525
525
525
525
525
525
1096
525
525
5045
5046
238
18
5047
335
5048
525
238
5049
5050
1096
5051
238
525
5052
1096
238
1096
5053
238
1096
238
525
5054
5055
525
1096
5056
5057
525
525
5058
5059
18
18
238
5060
1096
525
1096
5061
18
18
525
5062
1096
525
5063
525
238
432
525
5064
18
525
525
525
525
525
525
5065
238
1096
525
525
5066
525
5067
5068
525
525
432
1096
525
525
5069
525
525
18
18
1096
525
525
1096
5070
525
18
525
525
525
525
525
5071
525
5072
525
525
525
5073
525
5074
4
379
5075
5076
525
238
5077
18
5078
525
5079
5080
525
5081
525
525
525
525
5082
525
525
525
525
525
379
0
0
0
3156
379
0
5083
5084
379
0
379
0
3156
0
0
379
379
0
2263
5085
2252
5087
2262
2252
2263
2263
2252
2252
2252
2252
5088
5089
5090
5091
525
5092
5093
5094
1096
5095
525
525
525
525
525
525
525
525
525
1096
1096
1096
525
525
525
1095
1120
5096
5097
1096
5098
525
1096
525
1118
525
1096
5099
5100
1038
525
525
1645
1094
5002
1096
1096
1096
1091
5101
1090
1096
1096
525
525
525
1099
5102
1096
525
1096
5103
5104
5105
525
525
1121
525
525
5106
525
525
5107
525
5108
525
525
525
525
1091
5109
5110
1096
1096
5111
5112
5113
1118
525
525
525
525
525
5114
1096
5115
238
238
432
238
18
238
5116
5117
5118
5119
525
525
525
5120
525
525
525
525
5121
525
432
5122
525
525
525
5123
5124
525
525
525
525
525
525
525
525
525
525
5125
525
5126
238
525
238
525
18
5127
18
5128
5129
525
5130
5131
5132
5133
5134
5135
5136
525
864
5137
5138
5139
5140
5141
5142
5143
5144
5145
5146
5147
5148
5149
5150
5151
5152
525
5153
525
432
5154
5155
5156
525
5157
5158
525
5159
857
5163
5159
5164
5165
5166
5167
5168
5169
864
5170
5171
5172
525
5173
5174
5175
432
5176
525
238
525
18
432
432
5177
5178
5179
5180
432
5181
5182
5183
5184
5185
432
432
432
5186
5187
432
889
525
525
525
525
525
5188
525
5189
525
525
525
5190
5191
5192
5193
5194
525
5195
18
525
238
238
5196
18
379
525
525
1096
525
238
238
18
525
18
238
238
4871
18
525
1096
18
525
238
238
1199
1096
1096
1096
5197
18
5198
525
1096
525
238
379
238
5199
18
18
5200
238
379
18
238
525
525
238
18
5201
525
525
238
379
525
238
1096
18
238
18
1096
238
525
379
525
238
5202
5203
5204
18
5205
5206
5207
5208
5209
525
525
5210
525
5211
525
525
525
18
525
5212
5213
1394
5214
1394
1096
1096
5215
5216
5217
5218
1096
5219
5220
5221
5222
18
5223
5224
5225
5226
1096
5227
1096
5228
1096
1096
5229
5230
5231
5232
5233
5234
1096
5235
1096
5236
1013
1013
5237
1013
1013
5238
525
5239
525
5240
5241
5242
525
525
525
5243
525
525
5244
5245
5246
5247
525
5248
1844
5249
5250
525
525
525
525
525
525
525
525
525
525
525
525
525
525
525
525
525
525
5251
525
525
525
525
525
5252
1838
1838
525
1840
525
4170
4168
4166
5253
432
432
5254
525
525
5255
525
525
525
525
525
525
525
525
5256
525
525
525
525
525
5257
5258
5259
5260
5261
18
5262
525
525
5263
432
335
379
2606
344
379
344
344
372
339
363
379
5264
5265
5266
5267
5268
5269
5270
379
5271
379
379
379
394
379
379
5272
18
5273
18
4
238
18
5274
5275
5276
18
18
5277
18
5278
17
18
5279
18
17
17
18
17
18
5280
5281
5282
5283
5284
5285
5286
1096
1096
1096
1096
1096
1096
5287
5288
5289
5290
1096
1096
1096
5291
5292
5293
1096
1612
1096
1096
1096
525
5294
525
5295
5296
5297
5298
5299
525
963
5300
1096
5301
5302
1096
1096
5303
5304
5305
5306
5307
1096
1096
5308
5309
18
525
525
525
525
525
18
5310
525
525
525
525
5311
525
5312
5313
5314
5315
525
5316
525
525
5317
5318
525
526
525
5319
5320
18
5321
5322
5323
525
432
5324
525
18
5325
18
18
5326
5327
238
1096
4943
5328
525
525
525
525
525
525
525
5329
5330
525
525
525
525
525
525
525
525
525
5331
525
525
5332
525
525
5333
525
5334
18
18
525
5335
18
18
5336
5337
18
525
525
5338
18
5339
525
525
5340
525
18
18
18
18
525
525
525
18
18
18
18
525
525
5341
18
2878
5342
5343
5344
5345
5346
432
5347
5348
5349
5350
432
5351
5352
2447
5353
5354
2466
2466
432
2473
432
432
5355
432
432
5356
432
5357
5358
5359
5360
5361
5362
5363
5364
379
5365
379
4
5366
525
379
379
525
5367
525
5368
5369
525
4
5370
5371
5372
4
5373
525
4
5374
1746
5375
379
5376
525
5377
379
379
379
379
379
525
379
4
379
5378
5379
5380
525
5381
379
5382
5383
379
5384
5385
5386
4
379
4
5387
525
5388
5389
5390
5391
379
379
379
379
379
5392
4
525
379
379
525
5393
5394
4
5395
525
379
4
4
5396
379
2490
379
4
4
379
4
5397
525
5398
525
525
5399
5400
5401
1746
5402
5403
5404
525
4
5405
5406
525
379
5407
5408
18
525
18
18
18
18
18
525
18
18
18
18
4
238
238
238
238
18
18
18
18
5409
18
5410
18
18
18
18
5411
618
525
525
525
525
18
18
18
18
238
18
18
18
18
238
238
18
238
18
5412
238
238
238
18
238
18
18
18
18
18
18
18
18
18
18
5413
18
18
18
18
525
525
18
18
18
5414
5415
5416
5417
5418
5419
5420
5421
327
18
18
18
5422
18
18
18
4
5423
5424
5425
5426
5427
5428
238
5429
1096
5430
5431
525
5432
1096
5433
5434
5435
5436
5437
525
5438
5439
238
525
5440
5441
5442
5443
1096
5444
5445
5446
5447
5448
2570
346
2582
2611
349
2590
371
2632
359
2591
2611
2611
2623
5449
1089
1096
2586
432
1096
1096
17
18
1096
5450
525
525
238
1606
18
335
18
238
5451
5452
525
525
525
5453
18
525
5454
2627
18
18
525
5455
18
5456
5457
5458
5459
2643
5460
349
525
2466
525
18
897
5461
1096
432
525
525
5160
18
525
525
5462
525
5463
5464
5465
1096
1096
525
5466
3143
4
4
525
5467
5468
5469
238
377
5470
5471
5472
5473
5474
1096
5475
5476
5477
5478
18
5479
5480
5481
5482
5483
5484
525
5485
2570
5486
5487
5488
5489
5490
5491
5492
5493
5494
5495
5496
5497
5498
5499
5500
5501
5502
5503
5504
5505
525
525
379
5506
5507
5508
5509
5510
5511
5512
5513
5514
5515
5516
5517
5518
5519
5520
5521
379
5522
5523
5524
525
525
5525
5526
5527
5528
5529
5530
432
5531
5532
5533
5534
5535
525
525
18
1096
18
5536
5537
18
5538
5539
5540
525
18
5541
525
238
18
353
5542
1096
18
5543
5544
5545
18
432
5546
18
5547
5548
5549
5550
1096
5551
5552
525
5553
5554
5555
5556
5557
5558
5559
5560
525
525
5561
5562
5563
5564
5565
5566
5567
5568
5569
1536
5570
5571
5572
5573
5574
5575
5576
5577
5578
5579
5580
5581
5582
5583
5584
5585
5586
525
5587
5588
1096
1096
5589
1096
5590
5591
238
5592
525
1199
525
525
525
5593
1199
1199
5594
525
525
5595
525
5596
525
5597
5598
18
4873
4871
5599
5600
349
339
5601
344
344
2580
349
349
349
366
349
356
5602
5603
2570
5604
2570
2590
2594
2578
2570
2570
2623
5605
18
18
5606
5607
5608
525
5609
5610
5611
5612
379
5613
5614
2604
5615
380
379
2641
5616
2638
2638
339
341
340
2623
2623
2623
2623
2629
2623
2611
2611
2611
2611
2611
2611
2611
2610
2610
2611
4943
4943
5617
369
349
2643
2643
5618
379
349
369
2591
363
5619
349
375
5620
2582
5621
5622
5623
5624
5625
5626
5627
2575
5628
379
5629
5630
2570
5631
1096
1091
5632
1096
5633
5634
5635
5636
5637
5638
5639
5640
525
5641
5642
5643
5644
5645
5646
525
525
5647
5648
5649
5650
5651
5652
5653
5654
5655
5656
5657
5658
5659
5660
5661
525
525
5662
5663
5664
5665
5666
5667
5668
5669
5670
5671
5672
5673
5674
5675
5676
5677
5678
5679
5680
5681
5682
5683
5684
5685
5686
5687
5688
5689
1096
5690
1096
5691
5692
5693
5694
1096
1096
5695
1286
1096
5697
1096
1096
5698
5695
1096
5700
5701
5702
1096
5703
1096
525
1096
1096
1096
5704
5705
1096
1096
5706
1096
5707
5708
5709
5710
5711
5712
5713
5714
432
5715
5716
5717
5718
5719
5720
525
5721
5722
5723
5724
5725
5726
5727
5728
5729
525
5730
5731
824
5732
5733
525
5734
5735
525
18
5736
238
5737
5738
5739
5740
5741
5742
5743
525
5744
5745
5746
5747
5748
5749
5750
5751
5752
5753
5754
5755
5756
5757
525
5758
5759
5760
5761
5762
5763
5764
5765
5766
238
18
18
18
18
5767
5768
5769
5770
5771
5772
5773
18
5774
5775
5776
18
5777
1096
5778
5779
5780
5781
5782
525
525
5783
5784
5785
5786
5787
5788
5789
525
5790
5791
525
5792
5793
5794
5795
5796
5797
5798
5799
5800
5801
5802
379
5803
1096
5804
5805
5806
5807
18
5808
5809
5810
5811
5812
5813
5814
5815
5816
5817
5818
5819
5820
5821
5822
5823
5824
5825
5826
525
525
525
5827
5828
5829
5830
5831
5832
5833
5834
5160
5835
5836
5837
5838
5839
5840
5841
5842
5843
5844
5845
5846
1096
5847
5848
5849
5850
5851
1096
5852
5853
5854
5855
5856
5857
5858
5859
5860
5861
5862
5863
5864
5865
5866
5867
5868
5869
5870
5871
5872
5873
5874
5875
5876
5877
5878
5879
5880
5881
5882
5883
5884
5885
5886
5887
5888
5889
5890
5891
5892
5893
5894
5895
5896
18
5897
5898
5899
5900
5901
5902
5903
5904
5905
5906
5907
5908
5909
5910
5911
5912
5913
5914
5915
5916
5917
5918
5919
238
5920
5921
5922
5923
5924
5925
5926
5927
5928
5929
5930
5931
5932
5933
5934
5935
5936
5937
5938
5939
5940
5941
5942
5943
5944
18
525
5945
5946
5947
5948
5949
5950
5951
5952
5953
5954
5955
5956
5957
5958
5959
18
18
5960
5961
5962
5963
5964
5965
5966
5967
5968
5969
5970
5971
5972
5973
5974
5975
5976
5977
5978
18
5979
5980
5981
5982
5983
5984
5985
5986
5987
1096
5988
525
5989
5990
5991
5992
5993
5994
5995
5996
5997
18
5998
5999
6000
6001
6002
6003
6004
6005
6006
6007
6008
6009
6010
6011
6012
6013
6014
6015
18
6016
6017
6018
6019
6020
6021
6022
6023
6024
6025
6026
238
6027
6028
6029
18
6030
6031
6032
6033
6034
6035
6036
6037
6038
6039
6040
6041
6042
6043
6044
6045
6046
6047
6048
6049
6050
6051
6052
6053
6054
6055
6056
6057
6058
6059
6060
6061
6062
6063
6064
6065
6066
6067
6068
6069
6070
6071
6072
6073
6074
6075
6076
6077
6078
6079
6080
6081
6082
6083
6084
6085
6086
6087
6088
6089
6090
6091
6092
6093
6094
6095
6096
1096
6097
6098
6099
6100
6101
6102
6103
6104
349
358
5085
18
6105
6106
1096
6107
6108
6109
6110
525
6111
525
1096
6112
6113
6114
6115
6116
432
6117
1096
1096
1096
1096
6118
1096
5698
1096
6119
6120
1349
6121
6122
6123
6124
6125
6126
6127
1096
6128
1349
1096
6129
6130
525
6131
6132
6133
6134
6135
6136
6137
6138
6139
6140
6141
6142
6143
6144
6145
6146
6147
6148
6149
6150
6151
6152
6153
6154
6155
6156
6157
6158
6159
6160
6161
6162
6163
6164
238
6165
6166
6167
6168
6169
6170
6171
6172
6173
6174
6175
6176
6177
6178
6179
6180
6181
6182
6183
6184
6185
6186
6187
6188
6189
6190
6191
525
6192
6193
6194
6195
6196
6197
6198
6199
6200
6201
6202
6203
6204
6205
525
6206
6207
6208
432
6209
6210
6211
6212
18
6213
6214
6215
525
18
6216
6217
6218
6219
525
6220
6221
6222
6223
6224
6225
6226
6227
6228
6229
6230
6231
6232
6233
6234
6235
6236
6237
6238
6239
6240
6241
6242
6243
6244
6245
6246
6247
6248
6249
6250
6251
6252
6253
6254
6255
6256
6257
6258
6259
6260
6261
6262
6263
6264
6265
6266
6267
6268
6269
6270
6271
6272
6273
6274
6275
6276
6277
6278
6279
6280
6281
6282
6283
6284
6285
6286
6287
6288
6289
6290
6291
6292
6293
6294
6295
6296
6297
6298
6299
6300
6301
6302
6303
6304
6305
6306
6307
6308
6309
6310
6311
2252
18
6312
6313
6314
6315
6316
6317
6318
6319
6320
6321
6322
6323
6324
6325
6326
6327
6328
6329
6330
6331
6332
6333
6334
6335
6336
6337
6338
6339
6340
6341
6342
6343
6344
6345
6346
6347
6348
6349
6350
6351
6352
6353
6354
6355
6356
6357
6358
6359
6360
6361
6362
6363
6364
6365
6366
18
6367
6368
6369
6370
6371
6372
6373
6374
6375
6376
6377
6378
6379
6380
6381
6382
525
18
6383
6384
6385
6386
18
630
6387
6388
6389
6390
6391
6392
6393
6394
6395
6396
6397
432
6398
6399
6400
6401
6402
6403
6404
6405
6406
6407
6408
6409
6410
18
6411
6412
525
6413
6414
6415
6416
6417
6418
18
6419
6420
6421
6422
6423
6424
6425
6426
6427
6428
6429
6430
6431
6432
6433
6434
6435
6436
6437
6438
6439
6440
18
6441
6442
6443
6444
6445
18
6446
6447
525
6448
4
525
6449
6450
6451
6452
6453
6454
6455
6456
6457
525
6458
6459
18
6460
6461
6462
6463
6464
6465
18
6466
6467
6468
6469
6470
6471
6472
6473
6474
6475
525
6476
6477
6478
6479
6480
6481
6482
6483
6484
6485
6486
6487
6488
6489
6490
18
525
6491
525
525
18
6492
6493
6494
6495
6496
6497
6498
6499
6500
6501
6502
6503
6504
379
6505
6506
6507
6508
6509
6510
6511
6512
18
6513
6514
6515
6516
6517
6518
6519
6520
6521
6522
6523
6524
6525
6526
6527
6528
6529
6530
6531
6532
6533
6534
6535
6536
6537
6538
6539
6540
6541
6542
6543
6544
6545
6546
6547
6548
6549
6550
6551
6552
6553
6554
6555
6556
6557
6558
18
6559
6560
6561
6562
6563
6564
6565
6566
6567
6568
6569
6570
6571
6572
6573
6574
6575
6576
525
18
6577
6578
6579
6580
6581
4
18
6582
525
6583
6584
6585
6586
6587
6588
6589
6590
6591
6592
18
6593
6594
6595
6596
6597
6598
6599
6600
6601
6602
6603
6604
6605
6606
6607
6608
6609
6610
6611
6612
6613
6614
6615
6616
6617
6618
6619
6620
6621
6622
6623
6624
6625
6626
6627
6628
6629
6630
6631
6632
6633
6634
6635
6636
6637
1096
6638
6639
6640
6641
349
361
6642
6643
6644
6645
6646
6647
6648
6649
6650
6651
525
6652
6653
1096
6654
6655
525
6656
6657
6658
6659
6660
6661
6662
6663
6664
6665
6666
6667
6668
6669
6670
6671
6672
6673
6674
6675
6676
6677
6678
6679
6680
6681
6682
6683
6684
6685
6686
525
6687
18
525
525
6688
6689
6690
18
18
18
18
6691
18
18
6692
6693
6694
6695
6696
6697
6698
6699
6700
6701
6702
6703
6704
6705
6706
6707
432
432
432
6708
6709
6710
6711
432
6712
6713
6714
525
379
6715
6716
6717
6718
6719
6720
6721
6722
6723
6724
6725
6726
6727
6728
6729
6730
6731
6732
6733
6734
6735
6736
6737
6738
6739
6740
6741
6742
6743
6744
6745
6746
6747
6748
6749
6750
6751
6752
6753
6754
6755
6756
6757
6758
6759
6760
6761
6762
6763
6764
6765
18
6766
6767
6768
6769
6770
6771
6772
6773
6774
6775
6776
6777
6778
6779
6780
6781
6782
6783
6784
6785
6786
6787
6788
6789
6790
6791
6792
6793
6794
6795
6796
6797
6798
6799
6800
6801
1096
6802
6803
6804
6805
6806
6807
6808
6809
6810
6811
18
18
6812
6813
6814
6815
6816
6817
6818
6819
6820
6821
6822
6823
6824
6825
6826
6827
6828
6829
6830
6831
6832
6833
6834
6835
6836
238
6837
6838
6839
6840
6841
6842
6843
6844
6845
6846
6847
6848
6849
6850
6851
6852
6853
6854
6855
6856
6857
6858
6859
6860
6861
6862
6863
6864
6865
6866
6867
6868
6869
6870
6871
6872
6873
6874
6875
6876
6877
6878
6879
6880
6881
6882
6883
6884
6885
6886
6887
6888
6889
6890
6891
6892
6893
6894
6895
6896
6897
6898
6899
6900
6901
6902
6903
6904
6905
6906
6907
6908
6909
6910
6911
6912
6913
6914
6915
6916
6917
6918
432
432
6919
6920
18
432
6921
6922
6923
6924
6925
6926
6927
6928
432
6929
6930
6931
6932
6933
6934
6935
6936
6937
6938
6939
6940
6941
6942
6943
6944
6945
6946
6947
6948
6949
6950
525
6951
6952
18
6953
18
6954
6955
6956
6957
6958
6959
6960
6961
6962
6963
6964
6965
6966
6967
6968
6969
6970
6971
6972
6973
6974
6975
6976
6977
6978
6979
6980
6981
6982
6983
6984
6985
6986
6987
6988
6989
6990
6991
6992
6993
6994
6995
6996
6997
6998
6999
7000
7001
7002
7003
7004
7005
7006
7007
7008
7009
7010
7011
7012
7013
7014
7015
7016
7017
7018
7019
7020
7021
7022
7023
7024
7025
7026
7027
7028
7029
7030
7031
7032
7033
7034
7035
7036
7037
7038
7039
7040
7041
7042
7043
7044
7045
7046
7047
7048
7049
7050
7051
7052
7053
7054
7055
7056
7057
7058
7059
7060
7061
7062
7063
7064
7065
7066
7067
7068
7069
7070
7071
7072
7073
7074
7075
7076
7077
7078
7079
7080
7081
7082
7083
7084
7085
7086
7087
7088
7089
7090
7091
7092
7093
7094
7095
7096
7097
7098
7099
7100
7101
7102
7103
7104
7105
7106
7107
7108
7109
7110
7111
7112
7113
7114
7115
7116
7117
7118
7119
7120
7121
7122
7123
7124
7125
7126
7127
7128
7129
7130
7131
7132
7133
7134
7135
7136
7137
7138
7139
7140
7141
7142
7143
7144
7145
7146
7147
7148
7149
7150
7151
7152
7153
7154
7155
7156
7157
7158
7159
379
7160
7161
7162
7163
7164
7165
7166
7167
7168
7169
7170
7171
7172
7173
7174
7175
7176
7177
7178
7179
7180
7181
7182
7183
7184
7185
7186
7187
7188
7189
7190
7191
7192
7193
7194
7195
7196
7197
7198
7199
7200
7201
7202
7203
7204
7205
7206
7207
7208
7209
7210
7211
7212
7213
7214
7215
7216
7217
7218
7219
7220
7221
7222
7223
7224
7225
7226
7227
7228
7229
7230
7231
7232
7233
7234
7235
7236
7237
7238
7239
7240
7241
7242
7243
7244
7245
7246
7247
7248
7249
7250
7251
7252
7253
7254
7255
7256
7257
7258
7259
7260
7261
7262
7263
7264
7265
7266
7267
7268
7269
7270
7271
7272
7273
7274
7275
7276
7277
7278
7279
7280
7281
7282
7283
7284
7285
7286
7287
7288
7289
7290
7291
7292
7293
7294
7295
7296
7297
7298
7299
7300
7301
7302
7303
7304
7305
7306
7307
7308
7309
7310
7311
7312
7313
7314
7315
7316
7317
7318
7319
7320
7321
7322
7323
7324
7325
7326
7327
7328
7329
7330
7331
7332
7333
7334
7335
7336
7337
7338
7339
7340
7341
7342
7343
7344
7345
7346
7347
7348
7349
7350
7351
7352
7353
7354
7355
7356
7357
7358
7359
7360
7361
7362
7363
7364
7365
7366
7367
7368
7369
7370
7371
7372
7373
7374
7375
7376
7377
7378
7379
7380
7381
7382
7383
7384
7385
7386
7387
7388
7389
7390
7391
7392
7393
7394
7395
7396
7397
7398
7399
7400
7401
7402
7403
7404
7405
7406
7407
7408
7409
7410
7411
7412
7413
7414
7415
7416
7417
7418
7419
7420
7421
7422
7423
7424
7425
7426
7427
7428
7429
7430
7431
7432
7433
7434
7435
7436
7437
7438
7439
7440
7441
7442
7443
7444
7445
7446
7447
7448
7449
7450
7451
7452
7453
7454
7455
7456
7457
7458
7459
7460
7461
7462
7463
7464
7465
7466
7467
7468
7469
7470
7471
7472
7473
7474
7475
7476
7477
7478
7479
7480
7481
7482
7483
7484
7485
7486
7487
7488
7489
7490
7491
7492
7493
7494
7495
7496
7497
7498
7499
7500
7501
7502
7503
7504
7505
7506
7507
7508
7509
7510
7511
7512
7513
7514
7515
7516
7517
7518
7519
7520
7521
7522
7523
7524
7525
7526
7527
7528
7529
7530
7531
7532
7533
7534
7535
7536
7537
7538
7539
7540
7541
7542
7543
7544
7545
7546
7547
7548
7549
7550
7551
7552
7553
7554
7555
7556
7557
7558
7559
7560
7561
7562
7563
7564
7565
7566
7567
7568
7569
7570
7571
7572
7573
7574
7575
7576
7577
7578
7579
7580
7581
7582
7583
7584
7585
7586
7587
7588
7589
7590
7591
7592
7593
7594
7595
7596
7597
7598
7599
7600
7601
7602
7603
7604
7605
7606
7607
7608
7609
7610
7611
7612
7613
7614
7615
7616
7617
7618
7619
7620
7621
7622
7623
7624
7625
7626
7627
7628
7629
7630
7631
7632
7633
7634
7635
7636
7637
7638
7639
7640
7641
7642
7643
7644
7645
7646
7647
7648
7649
7650
7651
7652
7653
7654
7655
7656
7657
7658
7659
7660
7661
7662
7663
7664
7665
7666
7667
7668
7669
7670
7671
7672
7673
7674
7675
7676
7677
7678
7679
7680
7681
7682
7683
7684
7685
7686
7687
7688
7689
7690
7691
7692
7693
7694
7695
7696
7697